【di表示的是考核项目的编号】

  主席学号    考核部门      d1  d2  d3  d4  d5  d6  d7   总分  得分   部门评价
 2011052351    秘书处       9   8   9   9   10  9   9     63   4.5    秘书处一直是学生会重要的一部分，始终担任着大当家的角色，为各个部门奉献着，很棒！
              人力资源部    9   9   9   9   10  9   9     64   4.571  人力一直在为学生会各个部门举办活动而尽心尽力地付出着，人员调配，活动调研，绩效考核都是好样的
               公关部       8   8   9   8   9   8   9	  59   4.214   公关为活动拉赞辛苦操劳，任劳任怨，是个很负责的部门，很棒，继续加油~
               宣传部       9   9   8   8   9   10  9     62   4.428   宣传是整个学生会对外的窗口，立宣、海报的制作一直是我们的骄傲，加油~
              信息编辑部    9   9   9   9   9   9   9     63   4.5     信编一直为学院各个活动在三大平台上努力宣传，扩大影响力，拍照制作视频也很棒。
               组织部       7   8   8   8   8   8   8     55   3.929   组织部是学生会和各专业班级的桥梁，一直为学生会联系着群众，活动的成功举办，组织部功不可没。
               学术部       7   8   9   8   8   8   9     57   4.071    学术部是学院学术氛围良好的保卫者，一直尽心尽力为学术而奋斗。
                JDC         8   9   9   9   9   8   8     60   4.286    JDC是整个学生会乃至学院的技术团队，是学院的特色和招牌~很棒。
               文娱部       8   8   8   8   9   8   9     58   4.143    文娱部一直在为学院争光，暨南风，啦啦队都是文娱部的努力所在，加油！
               体育部       8   8   9   9   8   8   8     58   4.143    体育部举办着院内篮球赛，协办校区篮球赛和足球赛，一直辛苦的工作着，值得赞扬。
              心理服务部    8   9   9   9   9   9   9     62   4.429    心服为学院每位学生着想，一直服务于每位学生，尽心尽力地做心理辅导，很累但是很值得！

推优非主管部门：人力资源部

