

主席团学号		部长级学号	勾选与否
2011052351		2012052180	√
			2012052206	
			2012052297	√
			2012052306	
			2012052377	
			2012052245		
			2012053160	
			2012052364	
			2012052338	
			2012053245	√
			2012052294	√	

2011052363		2012052180	√
			2012052206	
			2012052297	√
			2012052306	
			2012052377	
			2012052245	
			2012053160	
			2012052364	
			2012052338	
			2012053245	√
			2012052294	√

2011052364		2012052180	√
			2012052206	√
			2012052297	
			2012052306	
			2012052377	
			2012052245	√
			2012053160	
			2012052364	√
			2012052338	
			2012053245	
			2012052294	

2011052418		2012052180	√
			2012052206	
			2012052297	√
			2012052306	
			2012052377	
			2012052245	
			2012053160	
			2012052364	
			2012052338	
			2012053245	√
			2012052294	√

2011052473		2012052180	√
			2012052206	
			2012052297	
			2012052306	√
			2012052377	
			2012052245	√
			2012053160	
			2012052364	
			2012052338	
			2012053245	√
			2012052294	

2011052449		2012052180	√
			2012052206	
			2012052297	√
			2012052306	
			2012052377	
			2012052245	
			2012053160	
			2012052364	
			2012052338	
			2012053245	√
			2012052294	√



最终，优秀部长为：2012052180	2012052294