部门		学号		出勤情况【外调（0.1/次）+外调评优（0.1/次）+反馈加分（0.1/次）+例会情况：请假-0.1，迟到-0.2，缺席-0.3】
人力资源部	2012052180	0.1	0.1	0.1	0
		2012052195	0.1	0	0	0
		2013053188	0.1	0	0.1	0
		2013053015	0.2	0.1	0.1	0
		2013053241	0.1	0	0	0

秘书处		2012052297	0	0	0	0	
		2012052345	0.1	0	0	0
		2013053193	0.3	0	0.1	-0.1
		2013053073	0.2	0	0.1	0
		2013053089	0.1	0	0	0

组织部		2012052194	0	0	0	0
		2012052206	0.1	0	0	0
		2013053017	0.1	0	0	-0.1
		2013053228	0.1	0	0.1	-0.1
		2013053107	0.2	0.1	0.1	-0.2

信息编辑部	2012052358	0	0	0	0
		2012052306	0	0	0	0
		2013052952	0.1	0.1	0.1	0
		2013053166	0.1	0	0.1	0
		2013053166	0	0	0	-0.2

学术部		2012052377	0.1	0	0	0
		2012052254	0	0	0	0
		2013053167	0.1	0	0.1	-0.1
		2013053145	0.3	0	0.1	0
		2013053202	0.1	0	0	0

宣传部		2012052245	0.1	0	0	0
		2012052201	0	0	0	0
		2013053101	0.1	0.1	0	0
		2013052974	0.1	0	0	-0.1
		2013053004	0	0	0	-0.1

体育部		2012053160	0	0	0	-0.1
		2012052364	0.1	0	0	0
		2013053123	0.3	0.1	0	0
		2013053213	0.2	0.1	0.1	0
		2013053037	0.1	0	0	-0.1

文娱部		2012052364	0	0	0	-0.1
		2012052321	0.1	0	0	0
		2013053028	0.1	0	0	-0.1	
		2013053110	0.2	0	0	0
		2013053232	0.2	0.1	0.1	-0.1

公关部		2012052296	0	0	0	0
		2012052338	0.1	0	0	0
		2013053117	0.2	0.1	0	0	
		2013053111	0.3	0	0	-0.2
		2013053211	0.1	0	0	-0.1

JDC联盟		2012053245	0.2	0	0.1	0
		2012052275	0	0	0	0
		2013052990	0.2	0.1	0	0
		2013052449	0.1	0	0	0
		2013053220	0.2	0.1	0	0	

心理服务部	2012053239	0	0	0	0
		2012052294	0.1	0	0	0
		2013053174	0	0	0	0
		2013052297	0.2	0	0.1	0	
		2013053008	0.1	0	0	0








	