（di表示的是考核项目编号）

   部门        学号     d1 d2 d3 d4 d5 d6 d7 d8 d9 总分 得分
人力资源部  2013053188  9  8  9  9  9  9  9  8  9  79  1.7556
人力资源部  2013053015  10 9  10 9  9  9  10 9  10 84  1.8667
人力资源部  2013053241  9  9  10 9  9  9  9  9  10 83  1.8444

秘书处      2013053073  10 9  9  10 10 8  9  10 9  84  1.8667
秘书处      2013053068  10 10 10 10 10 10 10 10 10 90  2
秘书处      2013053091  9  8  9  7  9  7  10 9  10 79  1.7556

信息编辑部  2013052952  7  9  10 9  4  9  10 7  5  68  1.5111
信息编辑部  2013053013  7  10 10 9  7  6  9  10 10 78  1.7333
信息编辑部  2013053054  9  10 8  9  10 7  8  10 9  82  1.8222

组织部      2013053017  10 9  0  8  5  9  10 9  10 69  1.5333
组织部      2013053228  10 9  10 9  10 8  7  9  8  80  1.7778
组织部      2013053107  9  8  9  10 10 8  9  7  8  76  1.6889

宣传部      2013053101  10 8  9  9  8  10 7  9  8  77  1.7111
宣传部      2013052974  10 9  9  8  7  10 9  9  8  79  1.7556
宣传部      2013053004  9  9  8  7  9  9  9  8  8  77  1.7111

学术部      2013053167  10 9  8  9  9  8  8  7  8  76  1.6889
学术部      2013053145  9  9  8  10 9  8  7  8  8  77  1.7111
学术部      2013053202  10 9  9  10 7  9  7  9  9  78  1.7333

心理服务部  2013053174  9  8  9  9  9  9  9  8  9  79  1.7556
心理服务部  2013052297  10 9  10 9  9  9  10 9 10  84  1.8667
心理服务部  2013053008  9  9  10 9  9  9  9  9 10  83  1.8444

JDC联盟     2013052990  10 9  10 9  10 9  10 9  10 85  1.8889
JDC联盟     2013052449  9  8  9  9  9  8  9  8  9  78  1.7333
JDC联盟     2013053220  9  8  9  8  9  9  10 8  9  79  1.7556
 
文娱部      2013053028  9  8  9  9  9  10 9  8  9  80  1.7778
文娱部      2013053110  10 9  10 9  9  9  10 9  7  81  1.8000
文娱部      2013053232  9  9  10 9  9  8  9  10 10 83  1.8444

体育部      2013053123  10 9  10 9  8  8  10 9  9  81  1.8000
体育部      2013053213  10 9  10 9  8  10 10 9  10 84  1.8667
体育部      2013053037  9  9  10 9  9  7  9  7  7  75  1.6667

公关部      2013053117  9  8  9  9  9  9  10 9  10 82  1.8222
公关部      2013053111  9  8  9  9  9  8  9  8  9  78  1.7333
公关部      2013053211  9  8  9  10 8  10 9  9  8  80  1.7778


【以上，每个部门都是三个干事数据，因为自评以及他评显得太多，请原谅我们用下面的统一版本】

自评：本月我感觉我学到了很多，与人合作给自己带来了不仅是工作上的得心应手，也感到了精神上的满足，团结互助，乐观有爱是我从他们身上学到的。

推优方面：【每个部门是3个数据，所以就推优自己除外的其他2个人】
1，我认为ta做事认真负责，极具团队精神，与ta合作很开心很顺手。
2，我感觉ta为人处事很好，待人待物都很真诚，最重要的是工作做的很好。

部门留言板：【随意选取一个学号输入数据吧，请见谅】
1.【干事评价】ta做事方面很认真负责，有时候却显得自大不听劝，有时候会显得刚愎自用，这样可能有点不利于团队工作。
2.【评价部长】ta虽然很有才能，但很多时候不喜欢和我们一起玩耍，不够“亲”，希望能多带我们去耍耍，乐乐。

部长评分：【每个部门，2个部长学号，输入相应数据，请见谅】
1.10分，ta善于统筹工作，很有领导才能。
2.10分，ta教会我们很多东西，为人处事，工作生活上都能给我们有所指点，是称职的部长。