 (di 表示的是考核项目编号）

   部门	     部长学号       干事学号   d1  d2  d3  d4  d5  d6  d7  d8  总分   得分
人力资源部   2012052195    2013053188  8   9   9   10  9   9   8   9    71   4.4375
人力资源部                 2013053015  9   9   9   10  10  9   9   9    74   4.6250
人力资源部                 2013053241  9   9   9   10  10  9   8   9    73   4.5625
人力资源部   2012052195    2013053188  9   9   9   10  10  9   8   9    73   4.5625
人力资源部                 2013053015  8   9   9   10  9   9   8   9    71   4.4375
人力资源部                 2013053241  9   9   9   10  10  9   9   9    74   4.6250

秘书处       2012052297    2013053193  8   9   10  10  9   9   8   9    72   4.5
秘书处                     2013053073  9   9   9   10  10  9   9   9    74   4.6250
秘书处                     2013053089  8   10  10  10  10  10  10  10   78   4.4875
秘书处       2012052345    2013053193  8   9   9   10  9   9   8   9    71   4.4375
秘书处                     2013053073  8   10  10  10  10  10  10  10   78   4.4875
秘书处                     2013053089  8   9   10  10  9   9   8   9    72   4.5

信息编辑部   2012052358    2013052952  8   9   9   10  9   9   8   6    68   4.25
信息编辑部                 2013053166  9   9   9   10  10  9   9   9    74   4.6250
信息编辑部                 2013053149  9   9   9   10  10  9   8   9    73   4.5625
信息编辑部   2012052306    2013052952  8   9   9   10  9   9   8   9    71   4.4375
信息编辑部                 2013053166  8   9   9   10  9   9   8   6    68   4.25
信息编辑部                 2013053149  9   9   9   10  10  9   9   9    74   4.6250

心理服务部   2012053239    2013053174  8   9   10  10  9   9   8   9    72   4.5
心理服务部                 2013052297  9   9   9   10  10  9   9   9    74   4.6250
心理服务部                 2013053008  9   9   9   10  10  9   8   9    73   4.5625
心理服务部   2012052294    2013053174  8   9   9   10  9   9   8   9    71   4.4375
心理服务部                 2013052297  9   9   9   10  10  9   9   9    74   4.6250
心理服务部                 2013053008  8   9   10  10  9   9   8   9    72   4.5

组织部       2012052194    2013053017  8   9   9   10  9   9   8   7    69   4.3125
组织部                     2013053228  9   9   9   10  10  9   9   9    74   4.6250
组织部                     2013053107  8   9   10  10  9   9   8   9    72   4.5
组织部       2012052206    2013053017  8   9   9   10  9   9   8   7    69   4.3125
组织部                     2013053228  8   10  10  10  10  10  10  10   78   4.4875
组织部                     2013053107  8   9   9   10  9   9   8   6    68   4.25

宣传部       2012052201    2013053101  9   9   9   10  10  9   8   9    73   4.5625
宣传部                     2013052974  9   9   9   10  10  9   9   9    74   4.6250
宣传部                     2013053004  8   9   9   10  9   9   8   9    71   4.4375
宣传部       2012052331    2013053101  8   9   9   10  9   9   8   7    69   4.3125
宣传部                     2013052974  9   9   9   10  10  9   8   9    73   4.5625
宣传部                     2013053004  8   9   9   10  9   9   8   6    68   4.25

学术部       2012052254    2013053167  8   9   10  10  9   9   8   9    72   4.5
学术部                     2013053145  9   9   9   10  10  9   9   9    74   4.6250
学术部                     2013053202  8   9   9   10  9   9   8   9    71   4.4375
学术部       2012052377    2013053167  8   9   9   10  9   9   8   7    69   4.3125
学术部                     2013053145  9   9   9   10  10  9   10  9    75   4.6875
学术部                     2013053202  8   9   10  10  9   9   8   9    72   4.5

公关部       2012052296    2013053167  8   9   9   10  9   9   8   9    71   4.4375
公关部                     2013053145  9   9   9   10  10  9   9   9    74   4.6250
公关部                     2013053202  8   9   10  10  9   9   8   9    72   4.5
公关部       2012052348    2013053167  8   9   9   10  9   9   8   7    69   4.3125
公关部                     2013053145  9   9   9   10  10  9   10  9    75   4.6875
公关部                     2013053202  9   9   9   10  10  9   8   9    73   4.5625

体育部       2012053160    2013053123  8   9   9   10  9   9   8   7    69   4.3125
体育部                     2013053213  9   9   9   10  10  9   9   9    74   4.6250
体育部                     2013053037  9   9   9   10  10  9   10  9    75   4.6875
体育部       2012052281    2013053123  8   9   9   10  9   9   8   7    69   4.3125
体育部                     2013053213  8   10  10  10  10  10  10  10   78   4.4875
体育部                     2013053037  8   9   9   10  9   9   8   6    68   4.25

文娱部       2012052364    2013053028  8   9   9   10  9   9   8   9    71   4.4375
文娱部                     2013053110  9   9   9   10  10  9   9   9    74   4.6250
文娱部                     2013053232  9   9   9   10  10  9   8   9    73   4.5625
文娱部       2012052321    2013053028  9   9   9   10  10  9   8   9    73   4.5625
文娱部                     2013053110  8   9   9   10  9   9   8   9    71   4.4375
文娱部                     2013053232  9   9   9   10  10  9   9   9    74   4.6250

JDC联盟      2012053245    2013052990  8   9   10  10  9   9   8   9    72   4.5
JDC联盟                    2013052449  9   9   9   10  10  9   9   9    74   4.6250
JDC联盟                    2013053220  8   9   9   10  9   9   8   9    71   4.4375
JDC联盟      2012052275    2013052990  8   9   9   10  9   9   8   7    69   4.3125
JDC联盟                    2013052449  9   9   9   10  10  9   10  9    75   4.6875
JDC联盟                    2013053220  9   9   9   10  10  9   8   9    73   4.5625


【以下对干事的评价，有6个，一个部长评价3个干事，还是统一版本，请见谅咯~】
1，做事认真有干劲，但是细节方面要多注意一下，也要考虑和其他干事的合作关系，不要自顾埋头干活。
2，做事心细认真，考虑也周到，工作质量很好，效率方面也要注意哦，继续加油吧
3，你在为人处事方面很好，和其他干事合作都很顺手，做事也认真，希望还是一如既往加油。
4，干得不错，希望你能在认真工作的同时也环顾四周，你会发现有时候与人合作会事半功倍。
5，加油，你要把你的团队合作精神继续发扬出来，感染其他干事，团队的力量是无穷的，你要努力将大家凝聚起来~
6，你认真负责，工作井井有条，也一直有自己独特的想法，很好，继续加油哦~
