(di表示考核项目编号）

  部门        学号      d1 d2 d3 d4 d5 d6 d7 d8 d9 d10 d11 d12  总分   得分 
人力资源部 2012052180   9  9  8  9  10 9  9  9  8  8   10  8    106   1.7667
人力资源部 2012052195   9 10  9  9  9  8  8  8  9  9   10  9    107   1.7883

秘书处     2012052297   10 10 9  8  9  7  9  8  9  9   9   8    105   1.75
秘书处     2012052345   9  10 9  9  8  9  8  8  9  8   9   8    105   1.75

信息编辑部 2012052306   10 9  8  7  8  9  7  8  9  8   7   8    98    1.6333
信息编辑部 2012052358   10 8  9  7  8  7  8  8  7  9   8   7    96    1.6

组织部     2012052206   9  8  9  9  9  8  7  9  8  5   9   9    99    1.65
组织部     2012052194   10 9  8  6  6  9  7  9  8  9   9   8    98    1.6333

宣传部     2012052201   10 9  9  8  9  8  9  10 8  7   9   9    105   1.75
宣传部     2012052245   9  10 9  8  7  8  9  9  10 9   8   9    105   1.75

学术部     2012052254   8  0  9  9  8  10 9  9  10 10  10  9    101   1.6833
学术部     2012052377   9  10 9  8  7  8  8  7  10 9   8   8    101   1.6833

公关部     2012052338   9  10 9  8  8  7  8  9  5  9   7   8    97    1.6167
公关部     2012052296   9  9  9  9  9  8  8  7  8  8   9   10   103   1.7167

体育部     2012052282   9  9  9  9  9  8  8  7  8  8   9   10   103   1.7167
体育部     2012053160   9  10 9  8  7  8  8  7  10 9   8   8    101   1.6833

文娱部     2012052364   9  10 8  9  9  7  9  8  9  8   9   9    104   1.7333
文娱部     2012052321   7  9  0  10 9  7  9  8  9  8   7   7    90    1.5

JDC联盟    2012053245   9  10 9  8  9  7  9  8  8  7   9   8    101   1.6833
JDC联盟    2012052275   9  10 8  5  7  8  9  10 10 8   9   10   103   1.7167

心理服务部 2012053239   10 9  8  7  8  7  6  10 8  7   9   7    96    1.6
心理服务部 2012052294   7  8  9  10 10 9  8  7  6  5   8   9    96    1.6


【以上，每个部门都是2个部长数据，因为自评以及他评显得太多，请原谅我们用下面的统一版本】

自评：在本月，我感觉到我自己和部门的小干事们玩得越来越好，指导他们工作也有成效，我觉得这样很有成就感。和搭档合作也很得心应手，感觉这样真的好好！

对本部门其他部长的评价【就一个】：我觉得ta做起事来很有行动力，效率很高，而且方法很好，值得我去学习。

对其他部门部长的评价：秘书处     2012052297  我觉得ta做事很细心谨慎，处理物资报账方面做的很好。
                      组织部     2012052206  我感觉ta似乎缺少一点可以使部门凝聚的魅力，ta应该多和干事们交流了解干事们的心里想法并适当做出指导或纠正。
                      JDC联盟    2012052275  ta是一个让干事感觉亲切的部长，很合得来，也任劳任怨，是个不错的部长！
                      心理服务部 2012053239  ta很有想法，管理干事收放有度，部门团结凝聚力强，有个温馨的家庭。
【以上的他评就任选吧，一时也没办法写太多，请见谅】

对主管副主席的评价：我觉得师姐（师兄）很棒，总有很多东西指导我们，我们也在逐步成长着，希望还能得到你的指导。