(di 表示的是考核项目编号）

 主席学号    考核部门     部长学号   d1  d2  d3  d4  d5  d6  d7  d8  d9  总分  得分
2011052363  人力资源部   2012052180  9   9   9   10  9   9   8   9   9   81    4.5
            人力资源部   2012052195  9   8   9   9   9   9   9   9   8   79    4.3889 
            组织部       2012052194  9   8   9   9   9   9   9   9   8   79    4.3889
            组织部       2012052206  9   9   9   10  9   9   8   9   9   81    4.5
2011052364  秘书处       2012052297  9   9   9   10  9   9   8   9   8   80    4.4444 
            秘书处       2012052345  9   9   9   8   8   9   8   9   8   77    4.2778
            信息编辑部   2012052358  9   9   9   8   8   9   8   8   8   76    4.2222
            信息编辑部   2012052306  9   9   9   8   8   9   8   9   8   77    4.2778
2011052418  学术部       2012052377  9   9   9   8   8   9   8   7   8   75    4.1667
            学术部       2012052254  9   9   9   8   8   10  8   9   10  80    4.4444
            宣传部       2012052245  9   10  9   8   8   10  8   9   10  81    4.5
            宣传部       2012052201  9   9   9   8   8   10  8   9   10  80    4.4444
2011052473  体育部       2012052281  9   9   9   8   8   9   8   9   8   77    4.2778
            体育部       2012053160  9   9   9   8   8   10  10  9   10  82    4.5556
            文娱部       2012052364  9   8   9   9   9   9   9   9   8   79    4.3889
            文娱部       2012052321  9   9   9   8   8   9   8   9   8   77    4.2778
2011052449  公关部       2012052296  9   9   9   8   9   10  8   9   10  81    4.5
            公关部       2012052338  9   9   9   8   8   9   8   9   10  79    4.3889
            JDC联盟      2012052275  9   9   9   8   8   10  8   9   10  80    4.4444
            JDC联盟      2012053245  9   9   9   8   8   10  10  9   10  82    4.5556
2011052351  心理服务部   2012052294  9   9   9   8   8   10  8   9   10  80    4.4444
            心理服务部   2012053239  9   8   9   9   9   9   9   9   8   79    4.3889


【每个部门是2个部长，所以下面我也只准备4个评价，就是一个主管副主席对自己主管的部门评价，心服就只有两个而已。还是统一版本，请见谅】
1，你在统筹方面很棒，管理干事也有自己的一套方法，很不错，部门凝聚力很好，当然工作质量也是不错的，继续加油~
2，你工作认真负责，很注重细节方面，细节决定成败，所以你做的很好哦，每次活动都能举办的很好，希望再接再励呀。
3，部门管理的不错，对干事们的管理收放有度，能适当放给他们自己锻炼，有助于他们的成长，不过也要适度哦，不然就适得其反了。
4，你在部门里，一直担任着重要角色，你能很好的让部门的人凝聚在一起，这也是你的魅力所在，继续努力哈~

