(di 表示的是考核项目编号）

 主席学号    考核部门     d1  d2  d3  d4  d5  d6  d7  总分  得分       部门评价
2011052363  人力资源部    10  9   9   9   10  9   9   65   2.7851     人力一直在为学生会各个部门举办活动而尽心尽力地付出着，人员调配，活动调研，绩效考核都是好样的
             组织部       10  9   9   8   9   9   9   63   2.7        组织部是学生会和各专业班级的桥梁，一直为学生会联系着群众，活动的成功举办，组织部功不可没。

推优非主管部门：秘书处

2011052351  心理服务部    9   9   8   9   9   8   8   60   2.5714     心服为学院每位学生着想，一直服务于每位学生，尽心尽力地做心理辅导，很累但是很值得！

推优非主管部门：人力资源部

2011052418  宣传部        10  9   7   8   9   9   7   59   2.5286     宣传是整个学生会对外的窗口，立宣、海报的制作一直是我们的骄傲，加油~
            学术部        10  8   9   8   8   7   8   58   2.4857     学术部是学院学术氛围良好的保卫者，一直尽心尽力为学术而奋斗。

推优非主管部门：JDC

2011052473   体育部       10  9   9   8   10  9   9   64   2.7429     体育部举办着院内篮球赛，协办校区篮球赛和足球赛，一直辛苦的工作着，值得赞扬。
             文娱部       10  7   8   9   10  9   9   62   2.6571     文娱部一直在为学院争光，暨南风，啦啦队都是文娱部的努力所在，加油！

推优非主管部门：秘书处

2011052449   JDC          9   9   8   9   9   10  8   62   2.6571     JDC是整个学生会乃至学院的技术团队，是学院的特色和招牌~很棒。
             公关部       10  9   8   9   10  8   10  64   2.7429     公关为活动拉赞辛苦操劳，任劳任怨，是个很负责的部门，很棒，继续加油~

推优非主管部门：人力资源部

2011052364  秘书处        9   9   8   9   9   8   8   60   2.5714     秘书处一直是学生会重要的一部分，始终担任着大当家的角色，为各个部门奉献着，很棒！          
            信息编辑部    10  10  10  10  10  10  10  70   3          信编一直为学院各个活动在三大平台上努力宣传，扩大影响力，拍照制作视频也很棒。

推优非主管部门：JDC