//人员调配加分

//一下记录的是次数，算分时每次加分0.1

//信编
2013052952 4
2013053166 2
2013053136 3
2013053195 2
2013053054 3
2013053035 2
2013053053 2
2013053013 5
2013052960 2

//人力
2012052339 1
2013053175 1
2013053188 3
2013053189 2
2013053092 2
2013053219 3
2013053162 3
2013053015 2
2013053207 4
2013053241 3

//KSC
2012052275 2
2013053220 1
2013053026 1
2013052992 2
2013053181 1
2013053158 3
2013053020 1

//学术
2012052377 1
2013053167 1
2013053202 2
2013053065 1
2013053034 1
2013052983 2
2013053024 2

//秘书
2012052297 2
2013053193 4
2013053122 2
2013053068 4
2013053176 2
2013053064 2
2013053089 1
2013053106 2
2013052949 4


//组织
2012052194 1
2013053017 2
2013053228 1
2013053245 1
2013053143 2
2013053215 2
2013053087 1
2013053002 1


//文娱
2012052364 1
2013053151 1
2013053232 2
2013053010 3
2013052986 1
2013053238 1
2013053059 1

//体育
2013052950 1
2013053123 1
2013053088 2
2013055027 1
2013052970 1
2013052393 2
2013053134 1
2013053095 2
2013053171 1

//宣传

2012052201 1
2012052245 1 
2013053101 1
2013052974 1
2013053004 1
2013053187 1
2013052958 1
2013053007 1
2013053218 2
2013053005 1
2013053067 1
2013053249 3
2013052987 1
2013052966 1
2013053071 1


//公关

2012052338 1
2013053111 2
2013053047 2
2013053240 2
2013053211 2
2013053223 1
2013053082 3
2013053119 1
2013053047 2



//心理
2012052294 1
2013053174 3
2013052297 2
2013052993 1
2013053155 1
2013053160 1
2013053165 1
























