
//信息编辑部
2013053166 3
2013053149 4
2013053195 1
2013053035 1
2013053053 3
2013053098 3
2013052960 6

//人力aa
2013053175 1
2013053188 1
2013053189 1
2013053092 1
2013053162 3
2013053015 2
2013053207 1
2013053241 1

//学术
2013053034 1
2013052983 2

//秘书
2013053068 1
2013053089 1
2013052949 1

//组织
2013053072 2

//文娱
2013053179 1
2013052986 2

//体育
2013053178 1
2013052950 1
2013053037 1
2013052970 1
2013052393 2
2013053139 1

//宣传
2013052974 1
2013053004 1
2013053005 1
2013053249 12

//公关
2013052982 -0.1
2013052297 1

