部门考核表：
部长考核表：
2011052473
部长自评表
2012052300
2012052254
2012052377
2012052296
2012053229
2012053239
2012052294
干事考核表
2012052294
2012053239
2012053203
2012052306
2012052300
2012052254
2012052377
2012052296
2012053229
干事自评表
2013052952
2013053195
2013052977
2013053007
2013053249
2013053071
2013053167
2013052983
2013053117
2013053111
2013053047
2013053082
2013053123
2013052950
2013053134
2013053171
2013053178
2013053110
2013053010
2013052990
2013052991
2013053181
2013053174
2013052297
2013052993
2013053155
2013052991
2013053202
















