//干事自评
public function gszpinsert($account,$apartment,$df1,$df2,$df3,$df4,$df5,$df6,$df7,$df8,$df9,$df10,$df11,$df12)
{
$data['account']=$account;
$data['apartment']=$apartment;
$data['year']="2014";
$data['month']="4";
$data['zptext']="测试干事自评之自我评价";
$data['DF1']=$df1;
$data['DF2']=$df2;
$data['DF3']=$df3;
$data['DF4']=$df4;
$data['DF5']=$df5;
$data['DF6']=$df6;
$data['DF7']=$df7;
$data['DF8']=$df8;
$data['DF9']=$df9;
$data['DF10']=$df10;
$data['DF11']=$df11;
$data['DF12']=$df12;
$total=
$data['DF1']+
$data['DF2']+
$data['DF3']+
$data['DF4']+
$data['DF5']+
$data['DF6']+
$data['DF7']+
$data['DF8']+
$data['DF9']+
$data['DF10']+
$data['DF11']+
$data['DF12'];
$gszp_model=new Model("Gszp");
$gszp_model->add($data);
}

//秘书处
$this->gszpinsert("2013053073",1,8,9,9,8,8,9,9,8,9,9,8,9);
$this->gszpinsert("2013053193",1,8,9,9,8,9,9,8,8,9,9,8,9);
$this->gszpinsert("2013053064",1,9,9,8,8,9,9,8,9,8,9,8,9);
$this->gszpinsert("2013053068",1,7,9,9,7,9,7,9,7,9,7,9,9);
$this->gszpinsert("2013053176",1,8,9,8,9,6,9,6,9,8,9,8,9);
$this->gszpinsert("2013053089",1,5,9,5,9,8,9,8,9,6,9,6,9);
$this->gszpinsert("2013053106",1,9,8,9,6,9,6,9,7,9,7,9,7);
$this->gszpinsert("2013053091",1,9,5,9,5,9,5,9,3,9,3,9,9);
$this->gszpinsert("2013052949",1,7,7,7,7,8,8,8,9,8,9,8,8);
$this->gszpinsert("2013053122",1,8,9,9,9,9,5,9,5,5,5,5,9);


//编辑部
$this->gszpinsert("2013052952",4,9,9,9,8,9,8,8,8,9,9,9,9);
$this->gszpinsert("2013053166",4,7,9,7,7,9,9,9,8,9,8,8,8);
$this->gszpinsert("2013053149",4,8,9,9,9,10,9,10,10,10,9,9,9);
$this->gszpinsert("2013053136",4,4,9,4,4,4,9,9,9,7,9,7,9);
$this->gszpinsert("2013053195",4,8,9,8,8,8,8,9,9,9,9,9,9);
$this->gszpinsert("2013053235",4,9,9,9,9,9,9,9,9,9,9,9,4);
$this->gszpinsert("2013053054",4,9,4,4,4,4,9,9,4,4,9,4,9);
$this->gszpinsert("2013053035",4,9,8,9,8,9,8,8,8,9,9,8,8);
$this->gszpinsert("2013053053",4,9,9,6,9,6,9,6,9,6,6,9,7);
$this->gszpinsert("2013053013",4,9,7,7,7,9,9,9,8,9,8,9,9);
$this->gszpinsert("2013053098",4,8,8,8,9,9,9,9,9,9,9,6,6);
$this->gszpinsert("2013052960",4,9,9,6,6,9,7,9,7,7,9,9,7);


//人力资源部
$this->gszpinsert("2013053175",2,7,9,4,9,4,9,4,4,9,9,9,6);
$this->gszpinsert("2013053188",2,9,6,6,9,9,6,6,9,8,9,8,9);
$this->gszpinsert("2013053189",2,5,9,5,9,5,9,6,9,6,6,6,6);
$this->gszpinsert("2013053062",2,9,9,9,9,7,9,7,7,7,9,9,7);
$this->gszpinsert("2013053092",2,7,9,8,9,8,8,8,9,3,3,3,9);
$this->gszpinsert("2013053219",2,3,9,3,3,3,9,7,9,7,9,7,9);
$this->gszpinsert("2013053162",2,7,7,9,9,7,7,7,9,8,8,8,8);
$this->gszpinsert("2013053146",2,9,9,9,9,6,6,6,9,9,9,9,9);
$this->gszpinsert("2013053015",2,9,9,9,9,9,9,9,9,9,9,9,9);
$this->gszpinsert("2013053241",2,7,7,7,7,9,9,7,7,7,8,8,9);
$this->gszpinsert("2013053207",2,8,9,8,9,9,5,9,5,9,5,5,5);


//组织部
$this->gszpinsert("2013053017",8,9,9,9,6,6,9,9,6,6,9,7,9);
$this->gszpinsert("2013053228",8,7,9,7,7,7,9,9,7,7,7,9,5);
$this->gszpinsert("2013053107",8,9,5,5,5,9,9,5,9,5,9,5,9);
$this->gszpinsert("2013053245",8,5,9,5,5,5,9,9,9,9,8,8,8);
$this->gszpinsert("2013053072",8,9,9,8,8,8,9,8,9,7,9,7,7);
$this->gszpinsert("2013053143",8,7,9,9,7,7,9,5,9,5,5,5,9);
$this->gszpinsert("2013053215",8,9,5,5,9,7,9,7,7,9,7,9,8);
$this->gszpinsert("2013053206",8,9,8,9,8,8,9,9,9,8,8,9,9);
$this->gszpinsert("2013053087",8,9,9,9,6,6,6,9,6,9,6,9,8);
$this->gszpinsert("2013053002",8,9,9,8,8,9,9,9,8,8,8,8,9);

//宣传部
$this->gszpinsert("2013053101",3,3,3,3,9,9,9,3,3,9,9,9,9);
$this->gszpinsert("2013052974",3,3,9,3,9,8,9,8,9,8,8,9,9);
$this->gszpinsert("2013053004",3,9,6,9,6,6,9,9,6,6,9,9,9);
$this->gszpinsert("2013052977",3,7,9,7,7,7,7,7,9,9,9,7,7);
$this->gszpinsert("2013053187",3,9,7,9,7,9,7,9,8,9,8,8,8);
$this->gszpinsert("2013052958",3,9,9,9,9,8,8,9,9,9,5,9,5);
$this->gszpinsert("2013053007",3,5,5,5,5,9,5,9,5,9,7,9,9);
$this->gszpinsert("2013053218",3,7,7,7,9,7,9,8,9,8,9,9,9);
$this->gszpinsert("2013053005",3,8,9,9,8,9,9,8,9,6,6,6,6);
$this->gszpinsert("2013053067",3,9,9,6,6,9,6,9,6,9,9,7,9);
$this->gszpinsert("2013053042",3,7,7,7,9,9,9,7,7,9,8,9,9);
$this->gszpinsert("2013053249",3,8,9,8,8,9,9,9,8,8,8,9,4);
$this->gszpinsert("2013052987",3,9,9,9,9,9,4,4,4,9,4,9,4);
$this->gszpinsert("2013052966",3,9,8,9,8,9,8,7,7,9,7,9,7);
$this->gszpinsert("2013053071",3,9,6,9,6,6,9,9,9,9,8,9,8);

//学术部
$this->gszpinsert("2013053167",5,8,8,9,9,9,9,5,9,5,5,5,9);
$this->gszpinsert("2013053145",5,9,9,9,8,9,9,8,8,9,8,9,8);
$this->gszpinsert("2013053202",5,9,9,4,4,4,9,9,9,4,9,4,9);
$this->gszpinsert("2013053065",5,4,9,9,9,4,4,9,9,9,8,8,9);
$this->gszpinsert("2013053038",5,8,9,8,9,9,7,7,9,9,9,7,9);
$this->gszpinsert("2013053034",5,7,9,6,6,9,9,6,6,9,9,9,5);
$this->gszpinsert("2013052983",5,5,5,9,5,9,5,9,9,9,5,9,5);
$this->gszpinsert("2013053024",5,9,5,9,5,5,5,9,9,5,5,9,5);

//公关部
$this->gszpinsert("",10,9,5,9,9,5,5,9,5,9,9,8,9);

//体育部
$this->gszpinsert("",6,8,8,9,9,9,8,9,9,6,9,6,7);

//文娱部
$this->gszpinsert("2013053127",9,7,7,9,9,9,9,9,7,7,7,9,9);
$this->gszpinsert("2013053151",9,7,7,8,8,8,8,9,9,9,9,9,9);
$this->gszpinsert("2013053028",9,6,6,6,9,9,9,6,9,6,9,6,9);
$this->gszpinsert("2013053110",9,7,7,7,7,9,9,9,9,9,9,7,9);
$this->gszpinsert("2013053232",9,8,8,9,8,9,8,9,8,9,9,9,8);
$this->gszpinsert("2013053179",9,6,9,6,9,6,9,6,9,9,9,6,6);
$this->gszpinsert("2013057131",9,7,7,7,9,7,9,9,7,9,7,9,9);
$this->gszpinsert("2013053010",9,5,9,5,9,9,9,5,5,9,9,7,9);
$this->gszpinsert("2013053194",9,7,9,7,9,7,9,8,9,8,9,8,9);
$this->gszpinsert("2013052986",9,8,9,8,9,9,6,9,6,9,9,7,9);
$this->gszpinsert("2013053059",9,7,9,7,9,7,9,8,9,8,9,7,9);
$this->gszpinsert("2013053238",9,7,7,9,9,9,9,9,5,9,5,9,9);

//KSC联盟
$this->gszpinsert("2013052990",7,9,7,7,9,7,9,7,9,9,7,7,9);
$this->gszpinsert("2011052449",7,7,9,7,9,6,9,9,6,9,6,9,6);
$this->gszpinsert("2013053220",7,9,7,9,9,9,7,7,9,7,9,8,9);
$this->gszpinsert("2013052991",7,9,8,8,9,9,9,6,9,6,9,9,6);
$this->gszpinsert("2013053026",7,6,9,5,9,5,5,9,5,5,9,9,9);
$this->gszpinsert("2013052992",7,9,8,9,8,9,9,9,8,8,9,8,9);
$this->gszpinsert("2013053181",7,8,9,8,9,6,9,6,9,6,6,9,9);
$this->gszpinsert("2013053158",7,9,6,6,6,9,9,9,9,8,8,8,9);
$this->gszpinsert("2013053125",7,8,9,8,9,9,8,9,4,9,9,4,9);
$this->gszpinsert("2013053020",7,9,8,9,9,9,9,9,8,8,9,8,9);

//心理服务部
$this->gszpinsert("2013053174",11,8,8,8,9,8,9,9,7,9,9,7,9);
$this->gszpinsert("2013052297",11,9,5,5,5,9,9,5,9,9,9,9,6);
$this->gszpinsert("2013053008",11,9,6,6,9,6,9,7,9,7,9,9,7);
$this->gszpinsert("2013052993",11,9,8,9,8,8,9,8,8,9,7,9,7);
$this->gszpinsert("2013053155",11,9,7,9,9,5,9,5,5,9,9,6,9);
$this->gszpinsert("2013053160",11,7,9,7,9,7,7,9,7,9,7,9,5);
$this->gszpinsert("2013053165",11,9,5,9,5,9,8,9,8,9,8,9,8);













