//部长自评
$this->insertbzzp("2012052297",1,"2014","4","田聪聪的自我评价",72,1,7,4,0,9,4,8,8,2,4,5,5,1,7,1,1,5);
$this->insertbzzp("2012052345",1,"2014","4","吴英文的自我评价",71,2,7,6,1,4,2,3,2,2,1,6,8,5,7,6,1,8);
$this->insertbzzp("2012053187",1,"2014","4","刘小洁的自我评价",72,9,2,7,9,5,4,3,1,2,3,3,4,1,1,3,8,7);
$this->insertbzzp("2012052358",4,"2014","4","周嘉林的自我评价",79,4,2,7,7,9,3,1,9,8,6,5,0,2,8,6,0,2);
$this->insertbzzp("2012052306",4,"2014","4","彭冬毡的自我评价",76,4,8,6,5,0,9,0,0,6,1,3,8,9,3,4,4,6);
$this->insertbzzp("2012052300",4,"2014","4","何景源的自我评价",86,0,6,6,1,8,4,9,6,3,7,8,8,2,9,1,3,5);
$this->insertbzzp("2012052180",2,"2014","4","卢思翰的自我评价",81,9,8,4,0,7,6,3,6,1,5,4,2,0,9,7,3,7);
$this->insertbzzp("2012052195",2,"2014","4","陈蔚的自我评价",50,2,6,0,1,6,5,7,5,4,1,2,0,0,1,4,6,0);
$this->insertbzzp("2012052339",2,"2014","4","陈康明的自我评价",96,7,1,7,7,7,7,3,3,5,9,9,8,1,8,2,6,6);
$this->insertbzzp("2012052194",8,"2014","4","陈慧莹的自我评价",58,0,3,8,0,1,2,5,0,9,4,7,8,3,5,1,2,0);
$this->insertbzzp("2012052206",8,"2014","4","叶伟珊的自我评价",80,1,6,4,0,6,1,8,9,8,4,1,4,3,9,8,8,0);
$this->insertbzzp("2012052201",3,"2014","4","陈杰东的自我评价",87,8,7,7,8,3,8,3,7,1,0,7,3,4,9,6,5,1);
$this->insertbzzp("2012052331",3,"2014","4","周敏妹的自我评价",90,0,9,9,6,8,3,4,8,4,9,9,2,5,5,3,3,3);
$this->insertbzzp("2012052245",3,"2014","4","邓小东的自我评价",90,7,4,3,8,0,8,8,0,6,8,1,9,8,9,7,2,2);
$this->insertbzzp("2012052254",5,"2014","4","冯泳钊的自我评价",84,8,2,8,9,0,7,8,1,5,8,6,1,2,4,2,5,8);
$this->insertbzzp("2012052377",5,"2014","4","余玫佳的自我评价",78,6,2,6,5,3,9,2,4,6,1,8,2,1,1,9,7,6);
$this->insertbzzp("2013053167",5,"2014","4","张丹的自我评价",66,2,9,5,2,0,0,3,9,1,8,1,9,5,3,2,5,2);
$this->insertbzzp("2012052296",10,"2014","4","苏迪的自我评价",95,5,8,6,7,7,2,2,9,4,1,9,6,9,8,2,5,5);
$this->insertbzzp("2012052348",10,"2014","4","曾炜瑶的自我评价",97,4,9,1,2,5,0,8,3,9,3,9,6,7,9,9,7,6);
$this->insertbzzp("2012052338",10,"2014","4","李惠贤的自我评价",81,9,3,5,7,6,6,5,8,2,5,4,4,1,6,1,6,3);
$this->insertbzzp("2012052282",6,"2014","4","黄柳朋的自我评价",70,3,5,5,3,2,8,2,5,3,6,1,8,6,2,1,4,6);
$this->insertbzzp("2012053229",6,"2014","4","奚云逸的自我评价",75,2,9,1,5,0,3,6,4,9,2,9,3,4,4,0,5,9);
$this->insertbzzp("2012052264",6,"2014","4","伍亚星的自我评价",82,6,3,4,2,8,8,7,5,8,1,2,5,7,4,4,4,4);
$this->insertbzzp("2012052281",6,"2014","4","袁月明的自我评价",70,4,2,9,3,0,7,7,8,7,3,0,3,8,2,5,2,0);
$this->insertbzzp("2012052364",9,"2014","4","陈敏慧的自我评价",65,3,7,2,9,7,5,3,4,3,2,1,1,3,2,5,3,5);
$this->insertbzzp("2012052321",9,"2014","4","李慈的自我评价",40,1,2,2,2,6,4,0,7,0,3,4,0,0,5,3,1,0);
$this->insertbzzp("2012053203",9,"2014","4","许莉淼淖晕移兰",80,6,7,5,0,0,4,5,4,9,5,6,4,8,2,1,6,8);
$this->insertbzzp("2012053245",7,"2014","4","苗效毅的自我评价",69,3,1,4,8,4,9,2,0,7,0,6,0,7,0,5,6,7);
$this->insertbzzp("2012052275",7,"2014","4","庄双玲的自我评价",89,3,8,4,9,2,6,5,7,7,4,5,7,9,8,3,0,2);
$this->insertbzzp("2012053239",11,"2014","4","杨帅的自我评价",57,2,3,6,7,1,5,5,4,0,2,6,0,6,1,1,1,7);
$this->insertbzzp("2012052294",11,"2014","4","田淼蕾的自我评价",68,3,0,0,4,8,3,0,1,2,9,0,3,8,8,5,7,7);
